 0.1000000E+01  0.0000000E+00  0.0000000E+00  0.7446772E+00  0.0000000E+00  0.0000000E+00
   0.1434412E+01  0.0000000E+00  0.0000000E+00  0.1468639E+01  0.0000000E+00  0.0000000E+00
   0.1505721E+01  0.3141486E+01  0.2652677E+01  0.1297301E+01 -0.3373195E+00  0.2002370E+00
   0.5485529E+00  0.1175994E+01  0.1158028E+01  0.7799722E+00 -0.5929587E-01  0.4624150E-01
   0.5361781E+00  0.9352696E+00  0.4210130E+00  0.2943864E+00 -0.2856017E+00  0.2456978E+00
   0.1568600E+00  0.1471070E+00  0.2026092E+00  0.4160828E+00 -0.4819705E-01  0.6011754E-01
   0.3693262E+00  0.6645076E+00  0.2449970E+00  0.1881189E+00 -0.1577682E+00  0.2719858E+00
   0.5778426E+00  0.3516912E+00  0.4741242E+00  0.9631529E+00 -0.3832365E-01  0.7655120E-01
   0.1041384E+01  0.1424938E+01  0.9124850E+00  0.8017785E+00 -0.2972327E+00  0.4728291E-01
   0.1436605E+01  0.1155252E+01  0.1410742E+01  0.1993881E+01 -0.2870729E+00  0.6245499E-01
   0.1380715E+01  0.2063818E+01  0.1728645E+01  0.1497756E+01 -0.8843946E+00 -0.1061585E+01
   0.7763228E+00  0.8628080E+00  0.6715980E+00  0.1011814E+01 -0.9747562E-01 -0.1277472E+01
   0.1044497E+00  0.6284492E+00 -0.1986784E+00 -0.5215451E+00  0.4654219E+00 -0.1312378E+01
  -0.1046178E+01 -0.1162420E+01 -0.1188923E+01 -0.1124134E+01  0.4564807E+00  0.2693930E+00
  -0.7375878E+00 -0.8046734E+00 -0.7918010E+00 -0.8034079E+00  0.1421757E+00  0.2669481E+00
  -0.5821163E+00 -0.6556664E+00 -0.6029412E+00 -0.6161510E+00  0.8730562E-01  0.2851982E+00
  -0.4091976E+00 -0.4736620E+00 -0.4075186E+00 -0.4230026E+00  0.5107430E-01  0.2761077E+00
  -0.2422729E+00 -0.2972669E+00 -0.2255652E+00 -0.2363054E+00  0.2282251E-01  0.2531477E+00
  -0.7638311E-01 -0.1189540E+00 -0.5331920E-01 -0.5893554E-01  0.6935969E-03  0.2141637E+00
   0.6957770E-01  0.4058018E-01  0.1019451E+00  0.1014042E+00 -0.2940574E-01  0.1661857E+00
   0.1825872E+00  0.1687911E+00  0.2254818E+00  0.2297756E+00 -0.6459104E-01  0.9039177E-01
   0.2432876E+00  0.2466240E+00  0.2831159E+00  0.2884017E+00 -0.7887042E-01 -0.1141950E-01
   0.2320108E+00  0.2479717E+00  0.2545798E+00  0.2580771E+00 -0.6207978E-01 -0.9368720E-01
   0.1628380E+00  0.1826227E+00  0.1659045E+00  0.1676998E+00 -0.3045720E-01 -0.1247173E+00
   0.7404124E-01  0.9082780E-01  0.6386961E-01  0.6480989E-01 -0.2634503E-02 -0.1118070E+00
  -0.2737178E-02  0.8284067E-02 -0.1869799E-01 -0.1825899E-01  0.1440219E-01 -0.7777975E-01
  -0.5379986E-01 -0.4855096E-01 -0.7011810E-01 -0.7013279E-01  0.2179488E-01 -0.4016955E-01
  -0.7800448E-01 -0.7733457E-01 -0.9156572E-01 -0.9196677E-01  0.2274971E-01 -0.7857387E-02
  -0.7987112E-01 -0.8227025E-01 -0.8926730E-01 -0.8990022E-01  0.1983864E-01  0.1591773E-01
  -0.6582815E-01 -0.6985830E-01 -0.7059614E-01 -0.7125538E-01  0.1450000E-01  0.3053083E-01
  -0.4262686E-01 -0.4703855E-01 -0.4292315E-01 -0.4343016E-01  0.7719170E-02  0.3607381E-01
  -0.1686154E-01 -0.2065609E-01 -0.1356242E-01 -0.1384009E-01  0.8325275E-03  0.3327540E-01
   0.5549518E-02  0.3004825E-02  0.1090438E-01  0.1082928E-01 -0.4579860E-02  0.2428234E-01
   0.2045085E-01  0.1934076E-01  0.2611530E-01  0.2616892E-01 -0.7457299E-02  0.1251087E-01
   0.2637396E-01  0.2648927E-01  0.3094494E-01  0.3105809E-01 -0.7720813E-02  0.1395589E-02
   0.2446975E-01  0.2537382E-01  0.2718912E-01  0.2731467E-01 -0.6083107E-02 -0.6797260E-02
   0.1753948E-01  0.1875064E-01  0.1829045E-01  0.1839983E-01 -0.3549618E-02 -0.1131486E-01
   0.8830968E-02  0.9951077E-02  0.7959747E-02  0.8037170E-02 -0.1014177E-02 -0.1254739E-01
   0.1119113E-02  0.1893906E-02 -0.7751048E-03 -0.7347044E-03  0.9157412E-03 -0.1142155E-01
  -0.3788807E-02 -0.3459951E-02 -0.6022418E-02 -0.6013872E-02  0.1930536E-02 -0.8908424E-02
  -0.5210632E-02 -0.5293315E-02 -0.7137647E-02 -0.7147778E-02  0.1977838E-02 -0.5759515E-02
  -0.3532149E-02 -0.3890491E-02 -0.4641753E-02 -0.4654181E-02  0.1227773E-02 -0.2431761E-02
   0.4514240E-13 -0.4399230E-03  0.7510810E-06  0.3379804E-13  0.3450581E-04  0.8731906E-03
