0.10000000E+01  0.00000000E+00  0.00000000E+00  0.86462370E+00  0.00000000E+00 -0.00000000E+00
0.21539916E+01  0.00000000E+00  0.00000000E+00  0.22364652E+01  0.00000000E+00 -0.00000000E+00
0.31924464E+01  0.40624621E+01  0.37389742E+01  0.30176502E+01 -0.63590338E-01  0.99365002E-01
0.33489548E+01  0.38176284E+01  0.38851805E+01  0.34284891E+01 -0.27725650E-01 -0.30288288E-01
0.40711985E+01  0.42722405E+01  0.40656001E+01  0.39144360E+01 -0.23884442E-01  0.99547204E-01
0.42075358E+01  0.43992879E+01  0.44249308E+01  0.42253032E+01  0.33032222E-01 -0.17425458E+00
0.46650816E+01  0.48255510E+01  0.47450788E+01  0.46272864E+01  0.48721626E-01  0.99817322E-01
0.48580255E+01  0.49521780E+01  0.48726160E+01  0.48099060E+01  0.21380452E-01 -0.26284728E+00
0.50138968E+01  0.52221526E+01  0.52008052E+01  0.50411050E+01  0.50719650E-01  0.49339832E-01
0.51618856E+01  0.51917857E+01  0.50830935E+01  0.51121738E+01 -0.17002461E-01 -0.30642182E+00
0.50699649E+01  0.53340874E+01  0.53181143E+01  0.51229466E+01  0.39985400E-01 -0.28984995E-01
0.51251999E+01  0.51101453E+01  0.50071562E+01  0.51085322E+01 -0.37851535E-01 -0.32042973E+00
0.48590337E+01  0.51661379E+01  0.51236353E+01  0.49101188E+01  0.15160618E-01 -0.11133028E+00
0.48124876E+01  0.47656681E+01  0.46808215E+01  0.48364599E+01 -0.45811183E-01 -0.32471462E+00
0.44346709E+01  0.47668527E+01  0.46937932E+01  0.44766728E+01 -0.13684895E-01 -0.18680491E+00
0.42932504E+01  0.42282350E+01  0.41606320E+01  0.43519012E+01 -0.44257875E-01 -0.31830691E+00
0.38669038E+01  0.42031772E+01  0.41010087E+01  0.38949279E+01 -0.37174326E-01 -0.24704295E+00
0.36436737E+01  0.35733683E+01  0.35193698E+01  0.37259632E+01 -0.39273127E-01 -0.29598402E+00
0.32297932E+01  0.35484207E+01  0.34199900E+01  0.32377634E+01 -0.50984979E-01 -0.28574651E+00
0.29446568E+01  0.28794067E+01  0.28365926E+01  0.30386849E+01 -0.33828485E-01 -0.25841506E+00
0.25894016E+01  0.28722635E+01  0.27231235E+01  0.25729543E+01 -0.54625334E-01 -0.29823294E+00
0.22701264E+01  0.22160016E+01  0.21823766E+01  0.23641626E+01 -0.28553478E-01 -0.21182192E+00
0.19960058E+01  0.22319338E+01  0.20719562E+01  0.19559745E+01 -0.50508379E-01 -0.28403208E+00
0.16740832E+01  0.16327180E+01  0.16062436E+01  0.17582400E+01 -0.23319946E-01 -0.16407154E+00
0.14813847E+01  0.16670486E+01  0.15093303E+01  0.14245038E+01 -0.42104501E-01 -0.24849344E+00
0.11847279E+01  0.11547399E+01  0.11336646E+01  0.12528717E+01 -0.18165314E-01 -0.12120692E+00
0.10599860E+01  0.11985266E+01  0.10557866E+01  0.99629282E+00 -0.32507524E-01 -0.20113180E+00
0.80713339E+00  0.78597146E+00  0.76914769E+00  0.85753956E+00 -0.13423465E-01 -0.86148657E-01
0.73228748E+00  0.83081551E+00  0.71178800E+00  0.67130752E+00 -0.23678275E-01 -0.15197314E+00
0.53078962E+00  0.51600776E+00  0.50282165E+00  0.56522110E+00 -0.94584736E-02 -0.59287062E-01
0.48921925E+00  0.55633433E+00  0.46421847E+00  0.43728697E+00 -0.16470749E-01 -0.10833979E+00
0.33764685E+00  0.32738326E+00  0.31744058E+00  0.35963191E+00 -0.64505042E-02 -0.39636211E-01
0.31661941E+00  0.36060574E+00  0.29382717E+00  0.27625406E+00 -0.11014888E-01 -0.73671528E-01
0.20809609E+00  0.20105271E+00  0.19393204E+00  0.22139484E+00 -0.43357718E-02 -0.25760895E-01
0.19889914E+00  0.22674430E+00  0.18094184E+00  0.16970581E+00 -0.70974587E-02 -0.48266801E-01
0.12441880E+00  0.11968843E+00  0.11487442E+00  0.13215316E+00 -0.29093969E-02 -0.16265112E-01
0.12153159E+00  0.13861216E+00  0.10859891E+00  0.10158185E+00 -0.44011631E-02 -0.30718232E-01
0.72250708E-01  0.69170570E-01  0.66103548E-01  0.76643714E-01 -0.19527799E-02 -0.99623318E-02
0.72376318E-01  0.82553942E-01  0.63597480E-01  0.59333780E-01 -0.26133896E-02 -0.19104537E-01
0.40801604E-01  0.38870276E-01  0.37026213E-01  0.43273396E-01 -0.13010704E-02 -0.59087956E-02
0.42088057E-01  0.47989878E-01  0.36362462E-01  0.33850345E-01 -0.14700300E-02 -0.11653218E-01
0.22439495E-01  0.21277775E-01  0.20227088E-01  0.23830251E-01 -0.85089475E-03 -0.33872847E-02
0.23934413E-01  0.27269848E-01  0.20304450E-01  0.18872400E-01 -0.76683814E-03 -0.69809687E-02
0.12038043E-01  0.11368459E-01  0.10797418E-01  0.12822340E-01 -0.54113758E-03 -0.18738520E-02
0.13324317E-01  0.15164027E-01  0.11074675E-01  0.10285465E-01 -0.35525940E-03 -0.41049353E-02
0.63107521E-02  0.59406179E-02  0.56420001E-02  0.67525788E-02 -0.33288604E-03 -0.99956976E-03
0.72672611E-02  0.82593122E-02  0.59021479E-02  0.54814561E-02 -0.13184360E-03 -0.23652053E-02
0.32389822E-02  0.30423002E-02  0.28905273E-02  0.34863670E-02 -0.19773863E-03 -0.51434794E-03
0.38877255E-02  0.44119481E-02  0.30753773E-02  0.28581338E-02 -0.25784097E-04 -0.13327787E-02
0.16307059E-02  0.15299215E-02  0.14541563E-02  0.17677756E-02 -0.11346524E-03 -0.25576265E-03
0.20442847E-02  0.23163918E-02  0.15681809E-02  0.14592442E-02  0.12536686E-04 -0.73334213E-03
0.80689179E-03  0.75689004E-03  0.71939156E-03  0.88166598E-03 -0.62979552E-04 -0.12328977E-03
0.10592404E-02  0.11981654E-02  0.78346285E-03  0.73024145E-03  0.18208079E-04 -0.39357965E-03
0.39313157E-03  0.36898151E-03  0.35046703E-03  0.43300381E-03 -0.33880592E-04 -0.57865451E-04
0.54138397E-03  0.61113131E-03  0.38412061E-03  0.35867047E-03  0.12941077E-04 -0.20586098E-03
0.18893061E-03  0.17748924E-03  0.16835979E-03  0.20957834E-03 -0.17712093E-04 -0.26583238E-04
0.27265607E-03  0.30707078E-03  0.18524972E-03  0.17326499E-03  0.67366663E-05 -0.10490753E-03
0.89694175E-04  0.84327535E-04  0.79853043E-04  0.10007053E-03 -0.90294948E-05 -0.12024908E-04
0.13513101E-03  0.15183978E-03  0.88151683E-04  0.82555226E-04  0.26090679E-05 -0.52131057E-04
0.42113159E-04  0.39597616E-04  0.37439834E-04  0.47212548E-04 -0.45075665E-05 -0.53898806E-05
0.66005455E-04  0.74014479E-04  0.41533059E-04  0.38925009E-04  0.66987627E-06 -0.25318665E-04
0.19568553E-04  0.18382315E-04  0.17373392E-04  0.22048748E-04 -0.22133468E-05 -0.24095099E-05
0.31907878E-04  0.35710152E-04  0.19438494E-04  0.18220678E-04  0.58955378E-07 -0.12059538E-04
0.90006628E-05  0.84370636E-05  0.79886559E-05  0.10205975E-04 -0.10734989E-05 -0.10830599E-05
0.15300845E-04  0.17090649E-04  0.90607902E-05  0.84911266E-05 -0.49157521E-07 -0.56527902E-05
0.40966791E-05  0.38285500E-05  0.36440493E-05  0.46863550E-05 -0.51602699E-06 -0.49649222E-06
0.72748906E-05  0.81105075E-05  0.42132903E-05  0.39481570E-05 -0.41335008E-07 -0.26101591E-05
0.18432174E-05  0.17177256E-05  0.16485461E-05  0.21346391E-05 -0.24643249E-06 -0.23859466E-06
0.34260027E-05  0.38135407E-05  0.19513941E-05  0.18306194E-05 -0.23171591E-07 -0.11789126E-05
0.81797199E-06  0.76202676E-06  0.73385220E-06  0.95921449E-06 -0.11694355E-06 -0.12352932E-06
0.15972316E-05  0.17759350E-05  0.88203269E-06  0.82908120E-06 -0.11084195E-07 -0.51403953E-06
0.35813351E-06  0.33430379E-06  0.31533896E-06  0.41909787E-06 -0.55040638E-07 -0.62547932E-07
0.73793634E-06  0.81941112E-06  0.38339843E-06  0.36069342E-06 -0.49000605E-08 -0.23278433E-06
0.15567250E-06  0.14528387E-06  0.13353704E-06  0.18068752E-06 -0.25797888E-07 -0.27264838E-07
0.33792954E-06  0.37455957E-06  0.16798456E-06  0.15814821E-06 -0.16978577E-08 -0.10865218E-06
0.67056194E-07  0.62533783E-07  0.56833183E-07  0.77942442E-07 -0.11855631E-07 -0.11325792E-07