1.00000 0.00000 0.00000 0.81320 0.00000 0.00000
1.83207 0.00000 0.00000 1.85865 0.00000 0.00000
2.35169 3.60749 3.24812 2.19642 -0.24690 0.12802 
2.04559 2.56991 2.55723 2.20539 -0.03994 -0.00727
2.35381 2.71119 2.33858 2.16228 -0.20968 0.12005
2.31545 2.37021 2.41555 2.48478 -0.04175 -0.04276
2.61512 2.90036 2.60402 2.46585 -0.13348 0.08688
2.82563 2.72898 2.82540 3.08825 -0.05563 -0.08517
3.10962 3.47152 3.10179 2.91323 -0.25304 -0.13065
3.20155 3.08711 3.28649 3.59939 -0.26278 -0.13667
2.82940 3.43175 3.20887 2.92971 -0.72487 -0.97094
2.00599 2.16514 2.04553 2.21437 -0.16432 -1.13279
1.16690 1.63687 1.03695 0.75345 0.24445 -1.16624
0.04586 0.03523 0.00139 0.03028 0.24515 -0.01131
0.06431 0.07846 0.05853 0.05090 0.03167 -0.01561
0.01468 0.01793 0.01418 0.01206 0.00797 -0.00347
0.00258 0.00315 0.00250 0.00212 0.00161 -0.00049
0.00038 0.00046 0.00035 0.00030 0.00027 -0.00005
0.00005 0.00006 0.00004 0.00004 0.00004 0.00000
0.00001 0.00001 0.00000 0.00000 0.00000 0.00000
0.00000 0.00000 0.00000 0.00000 0.00000 0.00000
0.00000 0.00000 0.00000 0.00000 0.00000 0.00000