   0.00      30.54849      30.54849      30.54849      30.54849       .00000        .00000
  10.00      17.58679      17.58679      17.53251      17.53251       .11636        .74705
  20.00       6.32160       6.32160       6.19549       6.19549       .10722        .51234
  30.00       3.17426       3.17426       3.07387       3.07387       .08634        .28530
  40.00       1.68979       1.68979       1.59809       1.59809       .10664        .12816
  50.00        .98175        .98175        .89795        .89795       .10301        .04929
  60.00        .60514        .60514        .52727        .52727       .09051       -.00844
  70.00        .39723        .39723        .32358        .32358       .07470       -.02873
  80.00        .28182        .28182        .21282        .21282       .05192       -.03907
  90.00        .21054        .21054        .14274        .14274       .03917       -.04148
 100.00        .16867        .16867        .10289        .10289       .02996       -.03777
 110.00        .14492        .14492        .07875        .07875       .02723       -.03832
 120.00        .13501        .13501        .06582        .06582       .03002       -.04153
 130.00        .14110        .14110        .06037        .06037       .04039       -.05465
 140.00        .17064        .17064        .05901        .05901       .06230       -.07784
 150.00        .23806        .23806        .05207        .05207       .10700       -.11341
 160.00        .34927        .34927        .00673        .00673       .17620       -.12169
 170.00        .38436        .38436       -.27524       -.27524       .16140        .10428
 180.00        .76915        .76915       -.76915       -.76915       .00000        .00000